version https://git-lfs.github.com/spec/v1
oid sha256:6d44eccacc1b3085ee6f2d176c1a84205fed51840416116351f60bed99b6e714
size 333825507
